92
0 1
1 16
15 16
0 15
1 2
2 17
16 17
2 3
3 18
17 18
3 4
4 19
18 19
4 5
5 20
19 20
5 6
6 21
20 21
6 7
7 22
21 22
7 8
8 23
22 23
8 9
9 24
23 24
9 10
10 25
24 25
10 11
11 26
25 26
11 12
12 27
26 27
12 13
13 28
27 28
13 14
14 29
28 29
16 31
30 31
15 30
17 32
31 32
18 33
32 33
19 34
33 34
20 35
34 35
21 36
35 36
22 37
36 37
23 38
37 38
24 39
38 39
25 40
39 40
26 41
40 41
27 42
41 42
28 43
42 43
29 44
43 44
31 46
45 46
30 45
32 47
46 47
43 49
48 49
42 48
44 50
49 50
46 52
51 52
45 51
47 53
52 53
49 55
54 55
48 54
50 56
55 56
