36
0 0 1 15 16 
0 1 2 16 17 
0 2 3 17 18 
0 3 4 18 19 
0 4 5 19 20 
0 5 6 20 21 
0 6 7 21 22 
0 7 8 22 23 
0 8 9 23 24 
0 9 10 24 25 
0 10 11 25 26 
0 11 12 26 27 
0 12 13 27 28 
0 13 14 28 29 
0 15 16 30 31 
0 16 17 31 32 
0 17 18 32 33 
0 18 19 33 34 
0 19 20 34 35 
0 20 21 35 36 
0 21 22 36 37 
0 22 23 37 38 
0 23 24 38 39 
0 24 25 39 40 
0 25 26 40 41 
0 26 27 41 42 
0 27 28 42 43 
0 28 29 43 44 
0 30 31 45 46 
0 31 32 46 47 
0 42 43 48 49 
0 43 44 49 50 
0 45 46 51 52 
0 46 47 52 53 
0 48 49 54 55 
0 49 50 55 56 
