8 3 

0 0
6 0
9 0
11 0
14 0
16 0
19 0
24 0

0 5
6 5
9 5
11 8
14 8
16 5
19 5
24 5

0 11 
6 11
9 11
11 11
14 11
16 11
19 9
24 9

2 2 2 2 2 2 2 
2 2

1 1 1 1 1 1 1 
1 1

12

2
11
0 7
0
1

2
20
0 2
7
0

2
10
6 7
2
1

2
21
1 2
6
0

2
10
1 2
1
1

1
1
2 3
1
1

2
10
3 4
1
1

1
1
4 5
1
1

2
10
5 6
1
1

2
20
1 2
1
0

2
10
0 1
2
1

2
21
0 2
0
0

3

0
0 1 
0 2

0
1 6
0 1

0
6 7
0 2


================= lab1
2 2

0 0
8 0
0 8
8 8

4
4

1 
1

4

1
1
0 1
0
0

1
1
0 1
1
0

1
1
0 1
0
1

1
1
0 1
1
1

1

0
0 1 0 1



==================== for spline

0 2
2
0

1
1
0 2
0
1

1
1
0 2
2
1

1

0
0 2 0 2

=========== test 2

2 2

0 0
4 0
0 2
4 2

2
2

1.0
1.0

4

1
1
0 1
0
0

1
1
0 1
1
0

1
1
0 1
0
1

1
1
0 1
1
1

1

0
0 1 0 1

==================== test3

3 3

0 0
3 0
5 0
0 3
3 3
5 3
0 5
3 5
5 5

2 2
2 2

2 1 
2 1

4

1
1
0 2
0
0

1
1
0 2
2
0

1
1
0 2
0
1

1
1
0 2
2
1

1

0
0 2 0 2

=========== test 2

2 2

0 0
3 0
0 3
3 3

2
2
1

2
2
1

0

0

=========== test 1 
=========================

nX nY 

X1 Y1
X2 Y1
X3 Y1
...
Xn Y1
X1 Y2
...
Xn Yn

Xs1, Xs2...  | <nX - 1>
Ys1, Ys2...	 | <nY - 1>

Xr1, Xr2...	 | <nX - 1>
Yr1, Yr2...  | <nY - 1>

nBounds

boundNum		   \  <1 || 2 || 3>  # делать краевые для всех подобластей!
value1 [value2] | nBounds 
P1 P2				 | <Pn - номер на регулярной сетке>
Q				    | <Q - номер на регулярной сетке>
normal_axis	   /  <0 = to X (horizontal), 1 = to Y (vertical)> 

nAreas

nmat			\
x1 x2 y1 y2	/ nAreas