| x            | y            | q             |
0              0  0.0000000e+00              
2              0  9.0929743e-01              
4              0 -7.5680250e-01              
6              0 -2.7941550e-01              
8              0  9.8935825e-01              
0              2  0.0000000e+00              
2              2  7.6767379e-01              
4              2 -6.3842679e-01              
6              2 -2.3291914e-01              
8              2  9.8935825e-01              
0              4  0.0000000e+00              
2              4  7.7807905e-01              
4              4 -6.4757015e-01              
6              4 -2.2733747e-01              
8              4  9.8935825e-01              
0              6  0.0000000e+00              
2              6  7.6767379e-01              
4              6 -6.3842679e-01              
6              6 -2.3291914e-01              
8              6  9.8935825e-01              
0              8  0.0000000e+00              
2              8  9.0929743e-01              
4              8 -7.5680250e-01              
6              8 -2.7941550e-01              
8              8  9.8935825e-01              
